 Dla 95% przedziału ufności, t(36, 0,025) = 2,028

          Users      prognoza  błąd ex ante   95% przedział ufności

 1       100,00       120,24       38,773        41,61 -   198,88
 2       148,00       172,99       38,634        94,63 -   251,34
 3       197,00       225,73       38,502       147,64 -   303,82
 4       242,00       278,47       38,378       200,64 -   356,31
 5       305,00       331,22       38,261       253,62 -   408,81
 6       360,00       383,96       38,151       306,59 -   461,34
 7       431,00       436,70       38,049       359,54 -   513,87
 8       482,00       489,45       37,955       412,47 -   566,42
 9       550,00       542,19       37,868       465,39 -   618,99
10       608,00       594,94       37,789       518,30 -   671,58
11       680,00       647,68       37,718       571,18 -   724,17
12       739,00       700,42       37,655       624,06 -   776,79
13       800,00       753,17       37,599       676,91 -   829,42
14       845,00       805,91       37,551       729,75 -   882,07
15       901,00       858,65       37,512       782,58 -   934,73
16       955,00       911,40       37,480       835,38 -   987,41
17      1007,00       964,14       37,456       888,18 -  1040,10
18      1056,00      1016,88       37,440       940,95 -  1092,82
19      1110,00      1069,63       37,432       993,71 -  1145,54
20      1155,00      1122,37       37,432      1046,46 -  1198,29
21      1189,00      1175,12       37,440      1099,18 -  1251,05
22      1228,00      1227,86       37,456      1151,90 -  1303,82
23      1276,00      1280,60       37,480      1204,59 -  1356,62
24      1317,00      1333,35       37,512      1257,27 -  1409,42
25      1350,00      1386,09       37,551      1309,93 -  1462,25
26      1393,00      1438,83       37,599      1362,58 -  1515,09
27      1441,00      1491,58       37,655      1415,21 -  1567,94
28      1490,00      1544,32       37,718      1467,83 -  1620,82
29      1545,00      1597,06       37,789      1520,42 -  1673,70
30      1591,00      1649,81       37,868      1573,01 -  1726,61
31      1654,00      1702,55       37,955      1625,58 -  1779,53
32      1712,00      1755,30       38,049      1678,13 -  1832,46
33      1788,00      1808,04       38,151      1730,66 -  1885,41
34      1860,00      1860,78       38,261      1783,19 -  1938,38
35      1936,00      1913,53       38,378      1835,69 -  1991,36
36      2006,00      1966,27       38,502      1888,18 -  2044,36
37      2072,00      2019,01       38,634      1940,66 -  2097,37
38      2129,00      2071,76       38,773      1993,12 -  2150,39
39      2196,00      2124,50       38,919      2045,57 -  2203,43
40      2234,00      2177,24       39,072      2098,00 -  2256,49
41      2271,00      2229,99       39,232      2150,42 -  2309,55
42      2320,00      2282,73       39,399      2202,83 -  2362,64
43      2375,00      2335,48       39,573      2255,22 -  2415,73
44      2414,00      2388,22       39,754      2307,59 -  2468,84
45      2449,00      2440,96       39,942      2359,96 -  2521,97
46      2498,00      2493,71       40,136      2412,31 -  2575,10
47      2603,00      2546,45       40,336      2464,64 -  2628,26
48      2701,00      2599,19       40,543      2516,97 -  2681,42
49      2740,00      2651,94       40,756      2569,28 -  2734,59
50      2797,00      2704,68       40,975      2621,58 -  2787,78
51      2853,00      2757,42       41,201      2673,87 -  2840,98
52      2895,00      2810,17       41,432      2726,14 -  2894,20
53      2910,00      2862,91       41,669      2778,40 -  2947,42
54      2912,00      2915,66       41,912      2830,65 -  3000,66
55      2936,00      2968,40       42,161      2882,89 -  3053,91
56      2934,00      3021,14       42,416      2935,12 -  3107,17
57      2958,00      3073,89       42,675      2987,34 -  3160,44
58      2963,00      3126,63       42,941      3039,54 -  3213,72
59      2989,00      3179,37       43,211      3091,74 -  3267,01
60      3030,00      3232,12       43,487      3143,92 -  3320,31
61      3049,00      3284,86       43,767      3196,10 -  3373,63
62      3065,00      3337,60       44,053      3248,26 -  3426,95

  Miary dokładności prognoz ex post wykorzystano 62 obserwacji

  Średni błąd predykcji              ME =   -7,3106
  Pierwiastek błędu średniokwadr.  RMSE =    76,953
  Średni błąd absolutny             MAE =    54,262
  Średni błąd procentowy            MPE =   -1,0734
  Średni absolutny błąd procentowy MAPE =    3,979
  Współczynnik Theila (w procentach) U1 =    0,019608
  Udział obciążoności predykcji      UM =    0,0090253
  Udział niedost. elastyczności      UR =    0,07492
  Udział niezgodności kierunku       UD =    0,91605
